0 128 204 0 0
1 128 0 00000000000000000000000000000055 1796cbe53fe192d3a1a4209cde7688a2
0 128 365 0 0
1 128 0 00000000000000000000000000000055 1796cbe53fe192d3a1a4209cde7688a2
1 128 0 00000000000000000000000000000055 1796cbe53fe192d3a1a4209cde7688a2
1 128 0 00000000000000000000000000000055 1796cbe53fe192d3a1a4209cde7688a2
1 128 0 00000000000000000000000000000055 1796cbe53fe192d3a1a4209cde7688a2
1 128 0 00000000000000000000000000000055 1796cbe53fe192d3a1a4209cde7688a2
1 128 0 00000000000000000000000000000055 1796cbe53fe192d3a1a4209cde7688a2
1 128 0 00000000000000000000000000000055 1796cbe53fe192d3a1a4209cde7688a2
1 128 0 00000000000000000000000000000055 1796cbe53fe192d3a1a4209cde7688a2
1 128 0 00000000000000000000000000000055 1796cbe53fe192d3a1a4209cde7688a2
1 128 0 00000000000000000000000000000055 1796cbe53fe192d3a1a4209cde7688a2
1 128 0 00000000000000000000000000000055 1796cbe53fe192d3a1a4209cde7688a2
1 128 0 00000000000000000000000000000055 1796cbe53fe192d3a1a4209cde7688a2
1 128 0 00000000000000000000000000000055 1796cbe53fe192d3a1a4209cde7688a2
1 128 0 00000000000000000000000000000055 1796cbe53fe192d3a1a4209cde7688a2
1 128 0 00000000000000000000000000000055 1796cbe53fe192d3a1a4209cde7688a2
1 128 0 00000000000000000000000000000055 1796cbe53fe192d3a1a4209cde7688a2
1 128 0 00000000000000000000000000000055 1796cbe53fe192d3a1a4209cde7688a2
1 128 0 00000000000000000000000000000055 1796cbe53fe192d3a1a4209cde7688a2
1 128 0 00000000000000000000000000000055 1796cbe53fe192d3a1a4209cde7688a2
1 128 0 00000000000000000000000000000055 1796cbe53fe192d3a1a4209cde7688a2
1 128 0 00000000000000000000000000000055 1796cbe53fe192d3a1a4209cde7688a2
1 128 0 00000000000000000000000000000055 1796cbe53fe192d3a1a4209cde7688a2
1 128 0 00000000000000000000000000000055 1796cbe53fe192d3a1a4209cde7688a2
1 128 0 00000000000000000000000000000055 1796cbe53fe192d3a1a4209cde7688a2
1 128 0 00000000000000000000000000000055 1796cbe53fe192d3a1a4209cde7688a2
1 128 0 00000000000000000000000000000055 1796cbe53fe192d3a1a4209cde7688a2
1 128 0 00000000000000000000000000000055 1796cbe53fe192d3a1a4209cde7688a2
1 128 0 00000000000000000000000000000055 1796cbe53fe192d3a1a4209cde7688a2
1 128 0 00000000000000000000000000000055 1796cbe53fe192d3a1a4209cde7688a2
1 128 0 00000000000000000000000000000055 1796cbe53fe192d3a1a4209cde7688a2
1 128 0 00000000000000000000000000000055 1796cbe53fe192d3a1a4209cde7688a2
1 128 0 00000000000000000000000000000055 1796cbe53fe192d3a1a4209cde7688a2
1 128 0 00000000000000000000000000000055 1796cbe53fe192d3a1a4209cde7688a2
1 128 0 00000000000000000000000000000055 1796cbe53fe192d3a1a4209cde7688a2
0 128 669 0 0
0 128 284 0 0
0 128 1036 0 0
0 128 28 0 0
0 128 173 0 0
1 128 0 00000000000000000000000000000055 1796cbe53fe192d3a1a4209cde7688a2
0 128 568 0 0
0 128 80 0 0
0 128 178 0 0
1 128 0 00000000000000000000000000000055 1796cbe53fe192d3a1a4209cde7688a2
1 128 0 00000000000000000000000000000055 1796cbe53fe192d3a1a4209cde7688a2
1 128 0 00000000000000000000000000000055 1796cbe53fe192d3a1a4209cde7688a2
1 128 0 00000000000000000000000000000055 1796cbe53fe192d3a1a4209cde7688a2
1 128 0 00000000000000000000000000000055 1796cbe53fe192d3a1a4209cde7688a2
1 128 0 00000000000000000000000000000055 1796cbe53fe192d3a1a4209cde7688a2
1 128 0 00000000000000000000000000000055 1796cbe53fe192d3a1a4209cde7688a2
1 128 0 00000000000000000000000000000055 1796cbe53fe192d3a1a4209cde7688a2
1 128 0 00000000000000000000000000000055 1796cbe53fe192d3a1a4209cde7688a2
1 128 0 00000000000000000000000000000055 1796cbe53fe192d3a1a4209cde7688a2
1 128 0 00000000000000000000000000000055 1796cbe53fe192d3a1a4209cde7688a2
1 128 0 00000000000000000000000000000055 1796cbe53fe192d3a1a4209cde7688a2
1 128 0 00000000000000000000000000000055 1796cbe53fe192d3a1a4209cde7688a2
1 128 0 00000000000000000000000000000055 1796cbe53fe192d3a1a4209cde7688a2
1 128 0 00000000000000000000000000000055 1796cbe53fe192d3a1a4209cde7688a2
1 128 0 00000000000000000000000000000055 1796cbe53fe192d3a1a4209cde7688a2
1 128 0 00000000000000000000000000000055 1796cbe53fe192d3a1a4209cde7688a2
1 128 0 00000000000000000000000000000055 1796cbe53fe192d3a1a4209cde7688a2
1 128 0 00000000000000000000000000000055 1796cbe53fe192d3a1a4209cde7688a2
1 128 0 00000000000000000000000000000055 1796cbe53fe192d3a1a4209cde7688a2
0 128 266 0 0
1 128 0 00000000000000000000000000000055 1796cbe53fe192d3a1a4209cde7688a2
0 128 10 0 0
0 128 367 0 0
1 128 0 00000000000000000000000000000055 1796cbe53fe192d3a1a4209cde7688a2
1 128 0 00000000000000000000000000000055 1796cbe53fe192d3a1a4209cde7688a2
1 128 0 00000000000000000000000000000055 1796cbe53fe192d3a1a4209cde7688a2
1 128 0 00000000000000000000000000000055 1796cbe53fe192d3a1a4209cde7688a2
1 128 0 00000000000000000000000000000055 1796cbe53fe192d3a1a4209cde7688a2
1 128 0 00000000000000000000000000000055 1796cbe53fe192d3a1a4209cde7688a2
1 128 0 00000000000000000000000000000055 1796cbe53fe192d3a1a4209cde7688a2
0 128 1150 0 0
0 128 114 0 0
0 128 508 0 0
