0 128 887 0 0
1 128 0 00000000000000000000000000000055 1796cbe53fe192d3a1a4209cde7688a2
1 128 0 00000000000000000000000000000055 1796cbe53fe192d3a1a4209cde7688a2
0 128 12 0 0
1 128 0 00000000000000000000000000000055 1796cbe53fe192d3a1a4209cde7688a2
1 128 0 00000000000000000000000000000055 1796cbe53fe192d3a1a4209cde7688a2
1 128 0 00000000000000000000000000000055 1796cbe53fe192d3a1a4209cde7688a2
1 128 0 00000000000000000000000000000055 1796cbe53fe192d3a1a4209cde7688a2
1 128 0 00000000000000000000000000000055 1796cbe53fe192d3a1a4209cde7688a2
0 128 819 0 0
0 128 80 0 0
1 128 0 00000000000000000000000000000055 1796cbe53fe192d3a1a4209cde7688a2
1 128 0 00000000000000000000000000000055 1796cbe53fe192d3a1a4209cde7688a2
0 128 892 0 0
0 128 677 0 0
1 128 0 00000000000000000000000000000055 1796cbe53fe192d3a1a4209cde7688a2
1 128 0 00000000000000000000000000000055 1796cbe53fe192d3a1a4209cde7688a2
1 128 0 00000000000000000000000000000055 1796cbe53fe192d3a1a4209cde7688a2
1 128 0 00000000000000000000000000000055 1796cbe53fe192d3a1a4209cde7688a2
1 128 0 00000000000000000000000000000055 1796cbe53fe192d3a1a4209cde7688a2
1 128 0 00000000000000000000000000000055 1796cbe53fe192d3a1a4209cde7688a2
1 128 0 00000000000000000000000000000055 1796cbe53fe192d3a1a4209cde7688a2
0 128 816 0 0
0 128 301 0 0
0 128 22 0 0
0 128 48 0 0
1 128 0 00000000000000000000000000000055 1796cbe53fe192d3a1a4209cde7688a2
1 128 0 00000000000000000000000000000055 1796cbe53fe192d3a1a4209cde7688a2
1 128 0 00000000000000000000000000000055 1796cbe53fe192d3a1a4209cde7688a2
1 128 0 00000000000000000000000000000055 1796cbe53fe192d3a1a4209cde7688a2
1 128 0 00000000000000000000000000000055 1796cbe53fe192d3a1a4209cde7688a2
1 128 0 00000000000000000000000000000055 1796cbe53fe192d3a1a4209cde7688a2
1 128 0 00000000000000000000000000000055 1796cbe53fe192d3a1a4209cde7688a2
1 128 0 00000000000000000000000000000055 1796cbe53fe192d3a1a4209cde7688a2
1 128 0 00000000000000000000000000000055 1796cbe53fe192d3a1a4209cde7688a2
1 128 0 00000000000000000000000000000055 1796cbe53fe192d3a1a4209cde7688a2
0 128 18 0 0
1 128 0 00000000000000000000000000000055 1796cbe53fe192d3a1a4209cde7688a2
1 128 0 00000000000000000000000000000055 1796cbe53fe192d3a1a4209cde7688a2
1 128 0 00000000000000000000000000000055 1796cbe53fe192d3a1a4209cde7688a2
1 128 0 00000000000000000000000000000055 1796cbe53fe192d3a1a4209cde7688a2
1 128 0 00000000000000000000000000000055 1796cbe53fe192d3a1a4209cde7688a2
1 128 0 00000000000000000000000000000055 1796cbe53fe192d3a1a4209cde7688a2
1 128 0 00000000000000000000000000000055 1796cbe53fe192d3a1a4209cde7688a2
1 128 0 00000000000000000000000000000055 1796cbe53fe192d3a1a4209cde7688a2
1 128 0 00000000000000000000000000000055 1796cbe53fe192d3a1a4209cde7688a2
1 128 0 00000000000000000000000000000055 1796cbe53fe192d3a1a4209cde7688a2
1 128 0 00000000000000000000000000000055 1796cbe53fe192d3a1a4209cde7688a2
1 128 0 00000000000000000000000000000055 1796cbe53fe192d3a1a4209cde7688a2
1 128 0 00000000000000000000000000000055 1796cbe53fe192d3a1a4209cde7688a2
1 128 0 00000000000000000000000000000055 1796cbe53fe192d3a1a4209cde7688a2
1 128 0 00000000000000000000000000000055 1796cbe53fe192d3a1a4209cde7688a2
1 128 0 00000000000000000000000000000055 1796cbe53fe192d3a1a4209cde7688a2
1 128 0 00000000000000000000000000000055 1796cbe53fe192d3a1a4209cde7688a2
1 128 0 00000000000000000000000000000055 1796cbe53fe192d3a1a4209cde7688a2
0 128 699 0 0
1 128 0 00000000000000000000000000000055 1796cbe53fe192d3a1a4209cde7688a2
0 128 205 0 0
0 128 524 0 0
1 128 0 00000000000000000000000000000055 1796cbe53fe192d3a1a4209cde7688a2
1 128 0 00000000000000000000000000000055 1796cbe53fe192d3a1a4209cde7688a2
1 128 0 00000000000000000000000000000055 1796cbe53fe192d3a1a4209cde7688a2
1 128 0 00000000000000000000000000000055 1796cbe53fe192d3a1a4209cde7688a2
1 128 0 00000000000000000000000000000055 1796cbe53fe192d3a1a4209cde7688a2
1 128 0 00000000000000000000000000000055 1796cbe53fe192d3a1a4209cde7688a2
1 128 0 00000000000000000000000000000055 1796cbe53fe192d3a1a4209cde7688a2
1 128 0 00000000000000000000000000000055 1796cbe53fe192d3a1a4209cde7688a2
1 128 0 00000000000000000000000000000055 1796cbe53fe192d3a1a4209cde7688a2
1 128 0 00000000000000000000000000000055 1796cbe53fe192d3a1a4209cde7688a2
1 128 0 00000000000000000000000000000055 1796cbe53fe192d3a1a4209cde7688a2
1 128 0 00000000000000000000000000000055 1796cbe53fe192d3a1a4209cde7688a2
1 128 0 00000000000000000000000000000055 1796cbe53fe192d3a1a4209cde7688a2
1 128 0 00000000000000000000000000000055 1796cbe53fe192d3a1a4209cde7688a2
1 128 0 00000000000000000000000000000055 1796cbe53fe192d3a1a4209cde7688a2
1 128 0 00000000000000000000000000000055 1796cbe53fe192d3a1a4209cde7688a2
1 128 0 00000000000000000000000000000055 1796cbe53fe192d3a1a4209cde7688a2
1 128 0 00000000000000000000000000000055 1796cbe53fe192d3a1a4209cde7688a2
1 128 0 00000000000000000000000000000055 1796cbe53fe192d3a1a4209cde7688a2
