1 128 0 00000000000000000000000000000055 1796cbe53fe192d3a1a4209cde7688a2
0 128 52 0 0
0 128 1074 0 0
0 128 27 0 0
1 128 0 00000000000000000000000000000055 1796cbe53fe192d3a1a4209cde7688a2
1 128 0 00000000000000000000000000000055 1796cbe53fe192d3a1a4209cde7688a2
1 128 0 00000000000000000000000000000055 1796cbe53fe192d3a1a4209cde7688a2
1 128 0 00000000000000000000000000000055 1796cbe53fe192d3a1a4209cde7688a2
1 128 0 00000000000000000000000000000055 1796cbe53fe192d3a1a4209cde7688a2
1 128 0 00000000000000000000000000000055 1796cbe53fe192d3a1a4209cde7688a2
1 128 0 00000000000000000000000000000055 1796cbe53fe192d3a1a4209cde7688a2
1 128 0 00000000000000000000000000000055 1796cbe53fe192d3a1a4209cde7688a2
1 128 0 00000000000000000000000000000055 1796cbe53fe192d3a1a4209cde7688a2
1 128 0 00000000000000000000000000000055 1796cbe53fe192d3a1a4209cde7688a2
1 128 0 00000000000000000000000000000055 1796cbe53fe192d3a1a4209cde7688a2
1 128 0 00000000000000000000000000000055 1796cbe53fe192d3a1a4209cde7688a2
0 128 308 0 0
0 128 369 0 0
1 128 0 00000000000000000000000000000055 1796cbe53fe192d3a1a4209cde7688a2
1 128 0 00000000000000000000000000000055 1796cbe53fe192d3a1a4209cde7688a2
1 128 0 00000000000000000000000000000055 1796cbe53fe192d3a1a4209cde7688a2
1 128 0 00000000000000000000000000000055 1796cbe53fe192d3a1a4209cde7688a2
1 128 0 00000000000000000000000000000055 1796cbe53fe192d3a1a4209cde7688a2
1 128 0 00000000000000000000000000000055 1796cbe53fe192d3a1a4209cde7688a2
1 128 0 00000000000000000000000000000055 1796cbe53fe192d3a1a4209cde7688a2
1 128 0 00000000000000000000000000000055 1796cbe53fe192d3a1a4209cde7688a2
1 128 0 00000000000000000000000000000055 1796cbe53fe192d3a1a4209cde7688a2
1 128 0 00000000000000000000000000000055 1796cbe53fe192d3a1a4209cde7688a2
1 128 0 00000000000000000000000000000055 1796cbe53fe192d3a1a4209cde7688a2
1 128 0 00000000000000000000000000000055 1796cbe53fe192d3a1a4209cde7688a2
1 128 0 00000000000000000000000000000055 1796cbe53fe192d3a1a4209cde7688a2
1 128 0 00000000000000000000000000000055 1796cbe53fe192d3a1a4209cde7688a2
0 128 722 0 0
1 128 0 00000000000000000000000000000055 1796cbe53fe192d3a1a4209cde7688a2
1 128 0 00000000000000000000000000000055 1796cbe53fe192d3a1a4209cde7688a2
1 128 0 00000000000000000000000000000055 1796cbe53fe192d3a1a4209cde7688a2
1 128 0 00000000000000000000000000000055 1796cbe53fe192d3a1a4209cde7688a2
1 128 0 00000000000000000000000000000055 1796cbe53fe192d3a1a4209cde7688a2
1 128 0 00000000000000000000000000000055 1796cbe53fe192d3a1a4209cde7688a2
1 128 0 00000000000000000000000000000055 1796cbe53fe192d3a1a4209cde7688a2
1 128 0 00000000000000000000000000000055 1796cbe53fe192d3a1a4209cde7688a2
0 128 470 0 0
1 128 0 00000000000000000000000000000055 1796cbe53fe192d3a1a4209cde7688a2
1 128 0 00000000000000000000000000000055 1796cbe53fe192d3a1a4209cde7688a2
1 128 0 00000000000000000000000000000055 1796cbe53fe192d3a1a4209cde7688a2
1 128 0 00000000000000000000000000000055 1796cbe53fe192d3a1a4209cde7688a2
1 128 0 00000000000000000000000000000055 1796cbe53fe192d3a1a4209cde7688a2
1 128 0 00000000000000000000000000000055 1796cbe53fe192d3a1a4209cde7688a2
1 128 0 00000000000000000000000000000055 1796cbe53fe192d3a1a4209cde7688a2
0 128 495 0 0
0 128 740 0 0
0 128 111 0 0
0 128 151 0 0
0 128 554 0 0
1 128 0 00000000000000000000000000000055 1796cbe53fe192d3a1a4209cde7688a2
1 128 0 00000000000000000000000000000055 1796cbe53fe192d3a1a4209cde7688a2
1 128 0 00000000000000000000000000000055 1796cbe53fe192d3a1a4209cde7688a2
1 128 0 00000000000000000000000000000055 1796cbe53fe192d3a1a4209cde7688a2
1 128 0 00000000000000000000000000000055 1796cbe53fe192d3a1a4209cde7688a2
1 128 0 00000000000000000000000000000055 1796cbe53fe192d3a1a4209cde7688a2
1 128 0 00000000000000000000000000000055 1796cbe53fe192d3a1a4209cde7688a2
1 128 0 00000000000000000000000000000055 1796cbe53fe192d3a1a4209cde7688a2
1 128 0 00000000000000000000000000000055 1796cbe53fe192d3a1a4209cde7688a2
1 128 0 00000000000000000000000000000055 1796cbe53fe192d3a1a4209cde7688a2
1 128 0 00000000000000000000000000000055 1796cbe53fe192d3a1a4209cde7688a2
1 128 0 00000000000000000000000000000055 1796cbe53fe192d3a1a4209cde7688a2
1 128 0 00000000000000000000000000000055 1796cbe53fe192d3a1a4209cde7688a2
1 128 0 00000000000000000000000000000055 1796cbe53fe192d3a1a4209cde7688a2
1 128 0 00000000000000000000000000000055 1796cbe53fe192d3a1a4209cde7688a2
1 128 0 00000000000000000000000000000055 1796cbe53fe192d3a1a4209cde7688a2
1 128 0 00000000000000000000000000000055 1796cbe53fe192d3a1a4209cde7688a2
1 128 0 00000000000000000000000000000055 1796cbe53fe192d3a1a4209cde7688a2
1 128 0 00000000000000000000000000000055 1796cbe53fe192d3a1a4209cde7688a2
1 128 0 00000000000000000000000000000055 1796cbe53fe192d3a1a4209cde7688a2
1 128 0 00000000000000000000000000000055 1796cbe53fe192d3a1a4209cde7688a2
0 128 433 0 0
0 128 494 0 0
1 128 0 00000000000000000000000000000055 1796cbe53fe192d3a1a4209cde7688a2
