1 128 0 00000000000000000000000000000055 1796cbe53fe192d3a1a4209cde7688a2
0 128 883 0 0
0 128 227 0 0
1 128 0 00000000000000000000000000000055 1796cbe53fe192d3a1a4209cde7688a2
1 128 0 00000000000000000000000000000055 1796cbe53fe192d3a1a4209cde7688a2
1 128 0 00000000000000000000000000000055 1796cbe53fe192d3a1a4209cde7688a2
1 128 0 00000000000000000000000000000055 1796cbe53fe192d3a1a4209cde7688a2
1 128 0 00000000000000000000000000000055 1796cbe53fe192d3a1a4209cde7688a2
1 128 0 00000000000000000000000000000055 1796cbe53fe192d3a1a4209cde7688a2
1 128 0 00000000000000000000000000000055 1796cbe53fe192d3a1a4209cde7688a2
1 128 0 00000000000000000000000000000055 1796cbe53fe192d3a1a4209cde7688a2
1 128 0 00000000000000000000000000000055 1796cbe53fe192d3a1a4209cde7688a2
1 128 0 00000000000000000000000000000055 1796cbe53fe192d3a1a4209cde7688a2
1 128 0 00000000000000000000000000000055 1796cbe53fe192d3a1a4209cde7688a2
1 128 0 00000000000000000000000000000055 1796cbe53fe192d3a1a4209cde7688a2
0 128 773 0 0
0 128 487 0 0
1 128 0 00000000000000000000000000000055 1796cbe53fe192d3a1a4209cde7688a2
1 128 0 00000000000000000000000000000055 1796cbe53fe192d3a1a4209cde7688a2
1 128 0 00000000000000000000000000000055 1796cbe53fe192d3a1a4209cde7688a2
1 128 0 00000000000000000000000000000055 1796cbe53fe192d3a1a4209cde7688a2
1 128 0 00000000000000000000000000000055 1796cbe53fe192d3a1a4209cde7688a2
1 128 0 00000000000000000000000000000055 1796cbe53fe192d3a1a4209cde7688a2
1 128 0 00000000000000000000000000000055 1796cbe53fe192d3a1a4209cde7688a2
1 128 0 00000000000000000000000000000055 1796cbe53fe192d3a1a4209cde7688a2
0 128 136 0 0
1 128 0 00000000000000000000000000000055 1796cbe53fe192d3a1a4209cde7688a2
1 128 0 00000000000000000000000000000055 1796cbe53fe192d3a1a4209cde7688a2
0 128 277 0 0
1 128 0 00000000000000000000000000000055 1796cbe53fe192d3a1a4209cde7688a2
1 128 0 00000000000000000000000000000055 1796cbe53fe192d3a1a4209cde7688a2
1 128 0 00000000000000000000000000000055 1796cbe53fe192d3a1a4209cde7688a2
0 128 615 0 0
1 128 0 00000000000000000000000000000055 1796cbe53fe192d3a1a4209cde7688a2
1 128 0 00000000000000000000000000000055 1796cbe53fe192d3a1a4209cde7688a2
1 128 0 00000000000000000000000000000055 1796cbe53fe192d3a1a4209cde7688a2
1 128 0 00000000000000000000000000000055 1796cbe53fe192d3a1a4209cde7688a2
1 128 0 00000000000000000000000000000055 1796cbe53fe192d3a1a4209cde7688a2
1 128 0 00000000000000000000000000000055 1796cbe53fe192d3a1a4209cde7688a2
1 128 0 00000000000000000000000000000055 1796cbe53fe192d3a1a4209cde7688a2
1 128 0 00000000000000000000000000000055 1796cbe53fe192d3a1a4209cde7688a2
1 128 0 00000000000000000000000000000055 1796cbe53fe192d3a1a4209cde7688a2
1 128 0 00000000000000000000000000000055 1796cbe53fe192d3a1a4209cde7688a2
1 128 0 00000000000000000000000000000055 1796cbe53fe192d3a1a4209cde7688a2
1 128 0 00000000000000000000000000000055 1796cbe53fe192d3a1a4209cde7688a2
1 128 0 00000000000000000000000000000055 1796cbe53fe192d3a1a4209cde7688a2
1 128 0 00000000000000000000000000000055 1796cbe53fe192d3a1a4209cde7688a2
1 128 0 00000000000000000000000000000055 1796cbe53fe192d3a1a4209cde7688a2
0 128 825 0 0
0 128 219 0 0
0 128 299 0 0
0 128 560 0 0
1 128 0 00000000000000000000000000000055 1796cbe53fe192d3a1a4209cde7688a2
1 128 0 00000000000000000000000000000055 1796cbe53fe192d3a1a4209cde7688a2
1 128 0 00000000000000000000000000000055 1796cbe53fe192d3a1a4209cde7688a2
1 128 0 00000000000000000000000000000055 1796cbe53fe192d3a1a4209cde7688a2
1 128 0 00000000000000000000000000000055 1796cbe53fe192d3a1a4209cde7688a2
1 128 0 00000000000000000000000000000055 1796cbe53fe192d3a1a4209cde7688a2
1 128 0 00000000000000000000000000000055 1796cbe53fe192d3a1a4209cde7688a2
1 128 0 00000000000000000000000000000055 1796cbe53fe192d3a1a4209cde7688a2
1 128 0 00000000000000000000000000000055 1796cbe53fe192d3a1a4209cde7688a2
1 128 0 00000000000000000000000000000055 1796cbe53fe192d3a1a4209cde7688a2
1 128 0 00000000000000000000000000000055 1796cbe53fe192d3a1a4209cde7688a2
1 128 0 00000000000000000000000000000055 1796cbe53fe192d3a1a4209cde7688a2
1 128 0 00000000000000000000000000000055 1796cbe53fe192d3a1a4209cde7688a2
1 128 0 00000000000000000000000000000055 1796cbe53fe192d3a1a4209cde7688a2
1 128 0 00000000000000000000000000000055 1796cbe53fe192d3a1a4209cde7688a2
1 128 0 00000000000000000000000000000055 1796cbe53fe192d3a1a4209cde7688a2
1 128 0 00000000000000000000000000000055 1796cbe53fe192d3a1a4209cde7688a2
1 128 0 00000000000000000000000000000055 1796cbe53fe192d3a1a4209cde7688a2
1 128 0 00000000000000000000000000000055 1796cbe53fe192d3a1a4209cde7688a2
1 128 0 00000000000000000000000000000055 1796cbe53fe192d3a1a4209cde7688a2
1 128 0 00000000000000000000000000000055 1796cbe53fe192d3a1a4209cde7688a2
1 128 0 00000000000000000000000000000055 1796cbe53fe192d3a1a4209cde7688a2
1 128 0 00000000000000000000000000000055 1796cbe53fe192d3a1a4209cde7688a2
0 128 699 0 0
